 4 13  2  1  0  0  0.0 1.213876530528E-04 1.102762325900E-11 0.000000000000E+00
    8.000000000000E+01-1.959375000000E+01 4.805914471343E-09 5.702424127254E-01
   -8.661299943924E-07 1.037832198199E-02 1.174025237560E-05 5.153743694305E+03
    4.320000000000E+05-1.545995473862E-07 6.609389404970E-01 7.823109626770E-08
    9.379513894402E-01 1.435625000000E+02 9.561273346556E-01-8.236057350562E-09
   -1.678641350722E-10 0.000000000000E+00 1.725000000000E+03 0.000000000000E+00
    2.000000000000E+00 0.000000000000E+00-6.053596735001E-09 8.000000000000E+01
    4.248180000000E+05 0.000000000000E+00 0.000000000000E+00 0.000000000000E+00
17 13  2  1  0  0  0.0 5.418155342340E-05-3.751665644813E-12 0.000000000000E+00
    5.400000000000E+01-6.009375000000E+01 4.701624412957E-09-1.338806872874E+00
   -3.101304173470E-06 8.088437723927E-03 5.465000867844E-06 5.153785150528E+03
    4.320000000000E+05 2.235174179077E-07-3.444352535337E-01 4.470348358154E-08
    9.648522029499E-01 2.767187500000E+02-2.246944740873E+00-8.217842306118E-09
   -2.835832409517E-10 0.000000000000E+00 1.725000000000E+03 0.000000000000E+00
    2.000000000000E+00 0.000000000000E+00-1.024454832077E-08 5.400000000000E+01
    4.248180000000E+05 0.000000000000E+00 0.000000000000E+00 0.000000000000E+00
20 13 02 01  0  0  0.0  .822655856609E-04  .147792889038E-11  .000000000000E+00
     .186000000000E+03  .759062500000E+02  .538772442035E-08  .762839679883E+00
     .381842255592E-05  .558634276967E-02  .726431608200E-05  .515381500435E+04
     .432000000000E+06 -.819563865662E-07  .166056930122E+01  .186264514923E-07
     .928253505073E+00  .220781250000E+03  .128251830268E+01 -.863535969739E-08
     .294297972978E-09  .100000000000E+01  .172500000000E+04  .000000000000E+00
     .200000000000E+01  .000000000000E+00 -.791624188423E-08  .186000000000E+03
     .424818000000E+06  .000000000000E+00  .000000000000E+00  .000000000000E+00
23 13  2  1  0  0  0.0 1.183385029435E-04-3.751665644813E-12 0.000000000000E+00
    7.300000000000E+01-2.271875000000E+01 4.938777148463E-09-2.452886590218E+00
   -1.264736056328E-06 8.158675511368E-03 4.880130290985E-06 5.153756174088E+03
    4.320000000000E+05-5.960464477539E-08 2.771364286172E+00-1.993030309677E-07
    9.572504490492E-01 2.875000000000E+02-2.916138395589E+00-8.330346992389E-09
   -2.175090601254E-10 0.000000000000E+00 1.725000000000E+03 0.000000000000E+00
    2.000000000000E+00 0.000000000000E+00-2.002343535423E-08 7.300000000000E+01
    4.263480000000E+05 0.000000000000E+00 0.000000000000E+00 0.000000000000E+00
30 13  2  1  0  0  0.0-2.371566370130E-04 1.023181539495E-11 0.000000000000E+00
    7.400000000000E+01 4.096875000000E+01 4.534474573603E-09-1.353729412629E+00
    2.250075340271E-06 1.083078805823E-02 7.271766662598E-06 5.153618234634E+03
    4.320000000000E+05-1.247972249985E-07-1.531258092532E+00 2.197921276093E-07
    9.624534883596E-01 2.405937500000E+02 1.612384666659E+00-8.223913994243E-09
    2.571535762108E-10 1.000000000000E+00 1.725000000000E+03 0.000000000000E+00
    1.600000000000E+01 0.000000000000E+00-4.190951585770E-09 7.400000000000E+01
    4.320000000000E+05